0
0
0
0
0
0
0
.00001
.00001
0
.00014
.00012
.00064
.00055
.00036
.00032
.00036
.00029
.00024
.00032
.00029
.00024
.00025
.00024
.00035
.00041
.00046
.00045
.00058
.00049
.00043
.00052
.00045
.00045
.00038
.00041
.00045
.00048
.00045
.00051
.00057
.00071
.00075
.00081
.00086
.00099
.00126
.00144
.00157
.00159
.00176
.00184
.00193
.00191
.00190
.00179
.00177
.00182
.00184
.00171
.00146
.00136
.00147
.00155
.00167
.00189
.00226
.00234
.00265
.00305
.00305
.00374
.00394
.00428
.00475
.00519
.00562
.00564
.00512
.00496
.00557
.00619
.00688
.00699
.00670
.00686
.00652
.00657
.00678
.00669
.00704
.00686
.00694
.00702
.00771
.00786
.00725
.00743
.00818
.00849
.00906
.01025
.01017
.01047
.01018
.01140
.01140
.01139
.01198
.01294
.01384
.01492
.01635
.01776
.01903
.02079
.02269
.02429
.02639
.02828
.03220
.03687
.03960
.03882
.04031
.04330
.04551
.05082
.05321
.05310
.05300
.05282
.05184
.03316
.00003
